SPECTRUM DATA FILE
SpectrumCount:	2
PixelCount:	2500
UserName:	XCS Laser
SampleName:	
LightSource:	
Comments:	
DeviceName:	Qmini
DeviceManufacturer:	Broadcom
DeviceSerialNo:	21444

Name:	last spectrum	last spectrum
Date:	2020-11-23T16:39:45.7650000-08:00	2020-11-23T16:52:36.9100000-08:00
ExposureTime:	0.1	0.1
TemporalAvg:	1	1
IntensityUnit:	normalizedCounts	normalizedCounts
CCDLoadLevel:	0.5133696	0.4760772
Temperature:	25.77332	26.1875
DiagramColor:	200	16711680
ProcessingSteps:	847	847

Wavelength [nm]	Intensity1	Intensity2
202.5763	-0.6500414	-0.2895502
202.9191	-0.4900674	-0.6296356
203.2618	0.3565348	-1.298716
203.6046	0.8629171	-1.160266
203.9473	0.7803635	-0.8360344
204.29	0.6332639	0.4656503
204.6328	0.549157	1.577715
204.9755	0.04205399	1.677971
205.3182	-0.4996181	0.8652483
205.6609	-0.3199828	-0.7254848
206.0036	-0.3912896	0.06226566
206.3463	-0.7630649	0.8571557
206.6889	-0.801413	1.340977
207.0316	-0.2623508	-0.7797111
207.3743	0.9000627	-1.087991
207.7169	0.4353826	-0.4642725
208.0596	-0.01502299	0.549223
208.4022	-1.424987	1.074307
208.7449	-1.091287	0.8649014
209.0875	-0.7015718	0.796138
209.4301	0.474373	-0.0695269
209.7727	0.3132604	-0.9365584
210.1153	0.4383409	-1.470111
210.4579	0.805165	-0.7129436
210.8005	1.27936	0.3603246
211.1431	0.640248	0.7836018
211.4857	0.6611892	0.6143581
211.8282	0.6602768	0.2361626
212.1708	0.3538	0.8160682
212.5134	0.3374112	0.7527447
212.8559	1.463998	0.5077044
213.1984	0.8154405	0.1834465
213.541	-0.0426764	-0.1098462
213.8835	-0.1459173	-1.478283
214.226	-0.01831627	-0.8819413
214.5685	-1.15966	-0.4018669
214.911	-0.9009429	0.04359773
215.2535	-0.5368756	-0.09194384
215.596	0.106148	0.7120555
215.9384	0.26404	1.330992
216.2809	1.671036	1.616807
216.6234	1.465905	0.4165929
216.9658	1.338542	-0.9804582
217.3083	0.0007725219	-1.658875
217.6507	0.7261847	-0.7466387
217.9931	0.9602683	-0.7395801
218.3356	1.714967	0.2256642
218.678	1.547715	-0.305992
219.0204	1.223865	-0.346008
219.3628	-0.7188495	0.1601065
219.7052	-0.6557429	0.2750849
220.0475	0.3650394	-0.2754415
220.3899	0.8905862	-1.067567
220.7323	0.3813002	-0.3386089
221.0746	1.408121	-0.6572886
221.417	2.018051	-0.7995188
221.7593	1.487471	-1.704465
222.1017	0.3510815	-2.541531
222.444	0.275854	-1.850144
222.7863	-0.4487349	-0.8674437
223.1286	0.2512456	-0.115357
223.4709	0.9486689	-0.4407286
223.8132	1.688085	0.2930827
224.1555	0.792031	1.111922
224.4978	-0.01542925	1.748128
224.8401	-0.5716426	1.637247
225.1824	-0.2464554	0.5491315
225.5246	0.6400884	0.4237412
225.8669	-0.01522811	-0.6513247
226.2091	-0.3184615	-0.8869727
226.5513	0.7014173	-0.9407369
226.8936	1.502873	0.3559724
227.2358	0.9845883	0.1455622
227.578	0.5092402	-0.1025679
227.9202	0.7767294	1.026878
228.2624	0.7222797	2.120515
228.6046	0.8027535	1.501229
228.9468	0.6433486	-0.2310043
229.2889	-0.009138128	-1.171604
229.6311	-0.9940813	-0.6736909
229.9733	-0.7785987	0.2012391
230.3154	-0.3352865	0.8321313
230.6576	-0.3889117	0.07335404
230.9997	-0.01922835	-0.4618987
231.3418	0.3566363	-0.3619393
231.6839	0.6540768	-0.2029802
232.026	-0.1644492	-0.04810994
232.3681	-0.3581325	-0.3546358
232.7103	-0.9003534	0.6270252
233.0523	-0.5679102	0.846841
233.3944	-0.7657428	1.333363
233.7365	-0.4903911	0.2733599
234.0786	-0.08076547	0.2261809
234.4206	1.031532	0.4649802
234.7627	1.264701	1.01735
235.1047	1.527514	0.6179773
235.4467	0.7113567	0.8879039
235.7888	0.2994966	1.033867
236.1308	-0.3773828	0.8069046
236.4728	0.542969	0.2313807
236.8148	1.358416	0.4057247
237.1568	0.7716526	0.4751678
237.4988	0.01725924	-0.1446101
237.8407	0.04498219	-0.2417094
238.1827	0.9765278	0.7330486
238.5247	0.6768304	1.663636
238.8666	0.9208263	0.5269449
239.2086	0.3689612	-1.186711
239.5505	0.02445849	-1.201968
239.8924	0.1838468	-0.09592573
240.2344	0.6968757	-0.05220419
240.5763	1.281702	-0.2358025
240.9182	1.381855	-0.290359
241.2601	0.9738768	0.2027269
241.602	0.1982096	-0.05436268
241.9438	0.2731778	0.5199308
242.2857	-0.04189918	0.07215937
242.6276	-0.6461716	-0.2080648
242.9694	-0.3795589	-0.5416214
243.3113	0.3237889	-0.299347
243.6531	0.8670779	-0.4434273
243.995	0.9802942	-0.2944692
244.3368	1.32495	-0.004472559
244.6786	0.656001	-0.2149031
245.0204	0.405261	-0.5554878
245.3622	0.2944563	-0.1042528
245.704	0.257226	0.2035255
246.0458	0.5234604	0.3871936
246.3876	0.7110586	0.5131913
246.7294	0.4404342	0.5660964
247.0711	-0.06824059	-0.2250249
247.4129	0.2430905	-1.418839
247.7546	1.006335	-0.8063909
248.0964	1.353829	-0.1608561
248.4381	1.170104	0.8285437
248.7798	0.3844585	0.4665247
249.1215	-0.2137425	0.3070867
249.4632	-0.2560906	-1.027793
249.8049	-0.7465351	-1.046641
250.1466	-0.1954332	-0.4122746
250.4883	0.1326564	0.2137304
250.83	1.069821	0.7448512
251.1716	0.6460313	1.230864
251.5133	0.3005502	1.50974
251.8549	-0.3535131	0.4186236
252.1966	-0.2324352	-0.361154
252.5382	0.8670936	-0.3396862
252.8799	2.163192	0.7099525
253.2215	1.661047	1.325842
253.5631	0.2671876	1.15784
253.9047	0.03116443	0.5901692
254.2463	0.946305	-0.2660899
254.5879	-0.630139	-0.5376515
254.9294	-1.64961	0.01016331
255.271	-0.9426181	1.410495
255.6126	-0.01708127	0.977503
255.9541	-0.5119876	1.001679
256.2957	-0.6956999	0.2898207
256.6372	0.6213527	0.01072838
256.9787	0.5925428	-1.103006
257.3203	-0.03220595	-0.597122
257.6618	-0.3253294	-0.1467209
258.0033	0.3090511	-0.4341353
258.3448	-0.03736021	-0.01214454
258.6862	-0.4731934	0.464189
259.0277	0.3845502	0.3787224
259.3692	0.8852468	-1.37982
259.7107	0.9862732	-1.602112
260.0521	0.8495039	-1.116578
260.3936	0.9244993	-0.09950941
260.735	0.542187	0.326742
261.0764	0.5670894	0.9885737
261.4179	0.8230876	0.9447972
261.7593	0.3855554	-0.02447264
262.1007	-0.7243532	-0.4396081
262.4421	-0.7164071	-0.02965732
262.7835	-0.2206239	0.4417637
263.1248	-0.4194333	0.2344513
263.4662	-0.07512788	-0.3775631
263.8076	1.275605	-0.5667499
264.149	1.35001	-1.202934
264.4903	0.2532996	-0.1763816
264.8316	-0.1658416	0.5648262
265.173	0.3948811	1.187691
265.5143	1.049477	1.056971
265.8556	0.9048831	0.56135
266.1969	0.3361073	-0.2183959
266.5382	0.2170584	-0.8087415
266.8795	1.30103	-0.1832123
267.2208	0.5111499	0.4780978
267.5621	-0.1222653	0.4010577
267.9034	-0.5301326	-1.027703
268.2446	0.259636	-2.011533
268.5858	0.2071127	-0.1182206
268.9271	0.003687614	1.206272
269.2683	-0.1160492	0.8626836
269.6096	-0.5182108	-0.3705871
269.9508	-1.125188	0.4407195
270.292	-1.10915	0.6906834
270.6332	-0.1968498	0.3781058
270.9744	1.351824	0.1314388
271.3156	1.168126	0.7111143
271.6567	-0.01498073	0.5730665
271.9979	-0.6162518	-0.759715
272.3391	0.8980775	-0.9669353
272.6802	1.125173	-0.9296892
273.0214	0.2785155	-0.2906244
273.3625	-0.4430154	0.4866572
273.7036	-0.794935	1.472137
274.0447	-1.304657	0.7661816
274.3858	-0.8631876	-0.09767599
274.727	0.496245	-0.3890923
275.0681	0.4548008	0.1098032
275.4091	-0.2972331	1.026175
275.7502	-1.290831	1.462301
276.0913	-0.8400719	1.186981
276.4323	-0.2577144	0.6062531
276.7734	0.06633475	-0.1028307
277.1144	0.2623559	-0.8866
277.4555	0.2081448	-1.491876
277.7965	-0.7087281	-1.480481
278.1375	-0.4370316	-1.249632
278.4785	1.187469	-1.074195
278.8195	1.572837	-0.6391816
279.1605	0.3756642	0.512142
279.5015	-0.0488841	1.038211
279.8425	0.100038	0.2724352
280.1834	0.138142	-0.4454871
280.5244	0.5761051	-1.034869
280.8654	0.8993991	-1.088756
281.2063	1.011184	-0.5455609
281.5472	0.2443221	0.1064308
281.8882	0.3387085	0.4533719
282.2291	0.4185536	0.4315429
282.57	1.224659	-0.3776616
282.9109	0.5562642	-0.6259581
283.2518	0.02220982	0.02863431
283.5927	-1.178535	0.674177
283.9335	-0.1636938	-0.0007198936
284.2744	0.4542628	-0.2694964
284.6153	1.386577	-0.3277626
284.9561	0.9833066	-0.5058264
285.297	0.6304885	0.02687845
285.6378	-0.5310928	-0.3786276
285.9786	-0.9738958	-0.4082563
286.3194	-0.1006074	-0.9044613
286.6602	0.3078302	-0.1892452
287.001	1.202238	-0.6657716
287.3418	1.146364	-1.465494
287.6826	0.6985602	-0.8196366
288.0234	-0.1649514	0.3392939
288.3642	-0.4889057	0.2187309
288.7049	0.2048343	-0.956711
289.0457	0.03685502	-0.9120104
289.3864	-0.2083068	0.5537501
289.7271	0.3921424	1.057758
290.0678	1.641245	1.243286
290.4086	1.891286	0.6688062
290.7493	1.093162	0.2569244
291.09	0.7046521	-0.3943325
291.4307	0.5785429	-0.7445118
291.7713	0.965318	-0.6369674
292.112	0.1760307	-0.5180479
292.4527	-0.7695931	-0.06709944
292.7933	-0.9243711	-0.1856965
293.134	-0.1817126	-0.07187647
293.4746	0.2670221	-0.3110795
293.8152	0.3319483	-0.455651
294.1559	0.1705431	-0.6823877
294.4965	-0.02844735	0.3333856
294.8371	0.4536917	0.323602
295.1777	0.01985133	0.7442896
295.5183	-0.2541614	0.7014645
295.8589	0.2276396	0.8668221
296.1994	1.580961	0.06864469
296.54	2.051183	-0.5633143
296.8805	0.8787228	-0.5820649
297.2211	-0.4022558	-0.6079856
297.5616	-0.9765694	0.04905287
297.9021	0.3673778	0.2612921
298.2427	0.4579046	0.9945374
298.5832	0.5521494	0.6863422
298.9237	-0.4695373	-0.3113767
299.2642	0.002925295	-0.4356893
299.6046	0.04726645	-0.2573934
299.9451	0.2426102	-0.804458
300.2856	-0.3304124	-0.732616
300.626	-0.06656636	0.277337
300.9665	0.457628	0.7860724
301.3069	0.7457818	-0.1122457
301.6474	0.3571276	-0.2170199
301.9878	0.05453555	0.01179445
302.3282	0.6258572	0.6310322
302.6686	1.365355	0.5369644
303.009	0.9946669	-0.2556429
303.3494	0.5904018	-0.5641938
303.6898	0.2705428	-0.3192643
304.0302	1.014118	0.180577
304.3705	1.525062	0.5932606
304.7109	1.625632	0.6883913
305.0512	1.435983	0.08439627
305.3916	1.136943	0.02350538
305.7319	0.9397019	1.314543
306.0722	0.01152335	1.170633
306.4125	1.053033	0.2351526
306.7528	1.250311	-1.035023
307.0931	1.100775	-0.8412251
307.4334	-0.05500348	-0.3506625
307.7737	-0.7757764	0.02701338
308.114	-1.208835	0.3640028
308.4542	-0.3883493	-0.1761786
308.7945	0.5825855	-0.4261977
309.1347	0.970199	-0.4607571
309.4749	0.4716363	1.298083
309.8152	0.5423141	1.748314
310.1554	0.1150388	0.5776743
310.4956	0.5853941	0.004458562
310.8358	0.6981453	0.1773017
311.176	0.687635	0.4408111
311.5161	0.6906842	-0.4263899
311.8563	0.2731886	-0.5855428
312.1965	-0.4249084	-0.1077043
312.5367	-1.073659	0.3638072
312.8768	-1.169114	-0.3243491
313.2169	-0.4549707	-0.7392021
313.5571	0.7131338	0.7009774
313.8972	-0.1374692	1.18614
314.2373	-1.607385	0.5449674
314.5774	-1.187189	-0.1428315
314.9175	0.5788154	0.008120933
315.2576	0.7595443	0.1851349
315.5977	1.172408	0.4226398
315.9377	1.409524	1.476063
316.2778	1.155776	1.004105
316.6178	0.3767137	0.169093
316.9579	0.3870796	-0.170845
317.2979	-0.07422855	-0.01486881
317.6379	-0.3061647	-0.7119353
317.9779	-1.06061	-1.529454
318.3179	-0.4169272	-1.124956
318.6579	0.4105363	0.2883415
318.9979	0.2208871	0.513557
319.3379	-0.1142151	-0.2176736
319.6779	-0.1701389	-0.7677071
320.0178	1.571702	0.8524877
320.3578	1.82826	1.597028
320.6977	1.638318	0.7116788
321.0377	0.6371864	0.01432561
321.3776	0.1556234	0.2499009
321.7175	-0.3168569	1.062003
322.0574	-0.3085572	0.4916524
322.3973	-0.09401136	0.2798513
322.7372	0.2620295	0.3345852
323.0771	0.5987496	-0.1636926
323.417	1.117771	-0.6027133
323.7568	0.1184821	-0.7443526
324.0967	-0.2340376	-0.007753212
324.4365	-0.3368756	-0.0321595
324.7764	0.2993779	-0.004789103
325.1162	-0.1432129	0.5011892
325.456	0.1498655	0.6423399
325.7958	0.143449	0.7921282
326.1356	1.258311	0.3048044
326.4754	0.7533079	0.1867487
326.8152	1.050618	0.6986922
327.155	0.3859517	0.7967898
327.4948	0.6313792	0.8942578
327.8345	0.4980935	0.6319345
328.1743	0.4657475	0.3441409
328.514	0.3266471	-0.08622739
328.8537	0.03350318	0.606925
329.1935	1.027346	1.604312
329.5332	0.5626094	1.226173
329.8729	0.07257184	0.2087841
330.2126	-0.6979249	-0.7963891
330.5522	-0.3196773	-0.8936502
330.8919	0.05682565	-0.2513669
331.2316	0.3148931	0.2565728
331.5713	0.2040073	-0.2908944
331.9109	0.6940181	-0.9961275
332.2505	0.07114863	-1.308178
332.5902	-0.4023546	-0.9098355
332.9298	-1.091032	-0.1337362
333.2694	-0.4914237	1.045717
333.609	0.3926267	2.267966
333.9486	1.018348	1.254958
334.2882	1.366139	0.2185953
334.6278	0.4941533	-0.7030213
334.9673	0.5121347	0.5314007
335.3069	-0.3377326	0.48641
335.6465	0.1799193	1.804661
335.986	1.275254	1.263688
336.3255	1.988752	0.9411198
336.6651	1.730657	0.3263699
337.0046	0.5356098	0.2096396
337.3441	0.1039876	-0.06241897
337.6836	-0.1458703	0.1147274
338.0231	0.8425347	0.3064861
338.3625	0.868464	-0.1702154
338.702	1.09072	-0.03911797
339.0415	1.308294	0.4716246
339.3809	0.7169419	0.405593
339.7204	-0.0475388	0.5681395
340.0598	-0.2238899	-0.2129542
340.3992	0.722236	0.1379492
340.7386	-0.100162	-0.201717
341.0781	-0.7471392	0.4634961
341.4174	-0.4985776	0.2905412
341.7568	-0.2932309	0.6503111
342.0962	-0.3551865	-0.06420447
342.4356	-0.3051281	-0.860256
342.775	0.3290153	-0.2214064
343.1143	0.3456204	0.2225504
343.4536	0.58205	0.2895854
343.793	0.4622031	-0.7317285
344.1323	0.6629676	-0.9875476
344.4716	1.051839	-0.7310835
344.8109	0.7997403	-0.6043375
345.1502	-0.05721822	-0.8073149
345.4895	-0.7244446	-0.7045124
345.8288	-0.3236417	-0.6952145
346.1681	-0.1654018	-1.323386
346.5073	0.4577864	-0.8174479
346.8466	0.2014561	0.5016292
347.1858	0.4095415	1.056159
347.5251	0.04972467	0.3531419
347.8643	0.003066459	-0.1240527
348.2035	0.2768299	-0.3477419
348.5427	0.7193869	-0.7487092
348.8819	0.7705883	-0.7708523
349.2211	0.7439887	-0.7981493
349.5603	-0.1725715	-0.6436324
349.8994	0.2098014	-0.1599275
350.2386	1.030356	0.03032867
350.5778	1.6257	0.1356358
350.9169	0.6373252	0.3233639
351.256	0.505887	0.3164771
351.5952	1.091831	-0.3672766
351.9343	1.086361	-0.5028518
352.2734	0.8698171	0.03640273
352.6125	0.5417929	-0.2816289
352.9515	1.114003	-0.44237
353.2906	1.459266	-0.6777722
353.6297	1.079469	-0.8955332
353.9688	-0.1461402	-1.121844
354.3078	-0.9794347	-0.5179656
354.6469	-0.4227034	0.3004023
354.9859	-0.03554012	0.018832
355.3249	-0.2967337	-0.727061
355.6639	-1.184669	-1.456451
356.0029	-0.3609749	-0.9355356
356.3419	0.1828105	-0.3608848
356.6809	-0.2904295	-0.03091964
357.0199	-0.627526	-0.4474449
357.3589	-0.3201524	-0.2020015
357.6978	-0.7450923	0.08966548
358.0367	-1.401511	0.8279819
358.3757	-0.9247326	0.2445168
358.7146	-0.3170509	0.382527
359.0535	0.05691684	0.5754817
359.3925	0.1153164	1.165699
359.7314	-0.3739177	0.2156065
360.0703	-0.7160156	-0.5228973
360.4091	-0.4109679	-0.6986361
360.748	0.1381647	0.01048727
361.0869	0.45845	0.3768587
361.4257	1.046082	-0.09035019
361.7646	1.613685	-1.307257
362.1034	0.9993755	-1.208274
362.4422	0.1689771	-0.3906464
362.7811	-0.2595786	-0.7163692
363.1199	0.7396808	-1.203979
363.4587	0.4894361	-0.6792924
363.7975	0.06391709	-0.4273675
364.1362	0.1269267	-0.2614718
364.475	0.5826982	-0.01390925
364.8138	0.6112525	0.2365205
365.1525	0.4023453	-0.1828795
365.4913	1.139027	-0.7993577
365.83	0.4300746	-1.037679
366.1687	0.0006368781	0.05795405
366.5074	-0.4862581	0.747838
366.8462	-0.2446002	0.8859202
367.1848	-0.5088168	0.2857238
367.5235	-0.4084162	-0.6584857
367.8622	-0.0161878	-0.6926515
368.2009	0.6591977	0.1037311
368.5396	0.4420434	0.6902636
368.8782	-0.3040408	0.1851588
369.2168	-0.04455069	-0.3406348
369.5555	1.241706	-0.4543229
369.8941	0.8652678	0.6658089
370.2327	0.2761226	0.6443841
370.5713	-0.03077751	-0.7172155
370.9099	0.6596193	-0.7521735
371.2485	0.7672089	0.9113811
371.5871	0.9322188	0.9017441
371.9256	-0.02727798	-0.03366023
372.2642	-0.5072819	-0.6977013
372.6027	-0.1860318	0.0550603
372.9413	0.665427	0.6632381
373.2798	0.2658847	-0.2076364
373.6183	0.04041791	-0.8818367
373.9568	0.4731708	0.0989079
374.2953	0.1128911	0.4785585
374.6338	-0.5100032	-0.5465136
374.9723	-0.8224282	-1.220872
375.3108	-0.7141393	-1.246042
375.6492	-1.592977	-0.7313617
375.9877	-1.02523	-0.6475322
376.3261	-0.1533444	0.0113388
376.6646	0.8921965	0.299784
377.003	0.4397361	0.6363752
377.3414	0.6864442	-0.3652245
377.6798	-0.3395801	-0.09605776
378.0182	0.386885	0.4977474
378.3566	0.6132888	0.396708
378.6949	0.5734401	-0.2314439
379.0333	0.3830757	-0.2866728
379.3717	1.391068	-1.242233
379.71	2.081564	-0.4561197
380.0484	1.186068	0.7286235
380.3867	1.330019	1.093766
380.725	1.205101	-0.7918888
381.0633	0.512238	-0.778189
381.4016	0.2588457	-0.4659328
381.7399	0.1046969	-0.2993684
382.0782	0.09442022	-0.2110443
382.4165	-0.2578312	-0.09256613
382.7547	-0.1291194	0.4446325
383.093	0.3832729	0.729525
383.4312	1.214727	1.083862
383.7695	1.31518	-0.4638371
384.1077	0.7337619	-0.9026122
384.4459	0.9087452	-1.343222
384.7841	0.5574904	-0.7680417
385.1223	-0.2357442	-0.8064039
385.4605	-0.1402985	0.1043829
385.7987	1.045886	0.1880925
386.1368	1.672467	-0.01155482
386.475	2.0133	0.03244702
386.8131	3.143042	-0.1763313
387.1513	4.263821	-0.5437722
387.4894	4.190248	-0.5329818
387.8275	3.444635	-0.04724162
388.1656	3.063104	0.4940469
388.5037	3.217651	0.3943104
388.8418	3.978595	0.1793402
389.1799	3.401036	-0.05282306
389.518	2.549688	0.2855996
389.856	1.340791	0.775776
390.1941	1.284776	0.2155998
390.5321	1.347358	-0.2228115
390.8702	4.763187	-0.4965025
391.2082	11.06693	0.5182084
391.5462	20.74957	0.4305712
391.8842	35.24114	-1.075937
392.2222	53.23636	-1.719297
392.5602	76.43943	-1.184462
392.8982	101.4269	-1.169096
393.2361	128.0189	-1.77554
393.5741	152.329	-1.100566
393.912	177.0599	-0.8156345
394.25	203.1713	-0.3910858
394.5879	230.8502	0.2997281
394.9258	259.7675	0.3993393
395.2637	278.4178	-0.05094393
395.6016	280.6245	0.4706502
395.9395	264.1763	0.9171127
396.2774	236.3357	0.3043073
396.6152	198.2919	-0.3408945
396.9531	158.3241	0.323115
397.291	123.1317	0.3208543
397.6288	98.44171	-0.4722263
397.9666	83.36456	-0.4531937
398.3044	82.27306	1.449119
398.6422	93.92526	2.161083
398.98	121.6473	1.094182
399.3178	158.3523	1.728797
399.6556	204.9242	3.115458
399.9934	255.654	2.303975
400.3311	308.4695	4.445761
400.6689	355.1124	55.38582
401.0066	392.0313	169.4204
401.3444	424.3652	303.2888
401.6821	455.6596	408.4691
402.0198	485.8631	466.5106
402.3575	500.7572	443.997
402.6952	495.6413	339.8919
403.0329	466.0032	219.4298
403.3705	411.6317	132.7424
403.7082	345.6712	73.77938
404.0459	277.1302	34.14314
404.3835	215.3944	16.33777
404.7212	155.4571	10.22928
405.0588	108.2812	7.114721
405.3964	70.56507	3.81595
405.734	44.70557	3.018491
406.0716	27.61363	1.784141
406.4092	18.09625	1.261233
406.7467	11.39501	0.9085994
407.0843	6.147882	1.437523
407.4219	3.972991	0.6792766
407.7594	2.538605	-0.5192072
408.097	2.130877	-0.420806
408.4345	2.503464	-0.3724608
408.772	2.417167	0.06783117
409.1095	2.062197	-0.3579658
409.447	1.198661	0.3291284
409.7845	1.467995	0.5062777
410.1219	1.725569	0.4742973
410.4594	2.079843	-0.3662694
410.7969	1.620225	-0.07521757
411.1343	1.847571	0.6193056
411.4718	2.476802	0.8265049
411.8092	2.892904	0.6683452
412.1466	3.765101	-0.1404885
412.484	3.584715	-0.9756337
412.8214	3.507715	-0.7527182
413.1588	3.381238	-0.04586777
413.4962	3.801131	0.04457355
413.8336	2.219597	-0.05782893
414.1709	2.00995	1.268603
414.5083	1.902679	2.036497
414.8456	2.088657	1.442116
415.1829	1.349332	-1.297676
415.5203	1.168611	-1.522416
415.8576	1.175903	-1.112031
416.1949	1.465188	-0.5238854
416.5321	1.374563	-0.9648531
416.8694	0.8874773	-0.50299
417.2067	0.206255	-0.4019929
417.5439	0.766661	-0.3435513
417.8812	0.598713	-0.07217088
418.2184	0.5249202	-0.1016326
418.5557	0.9545244	0.7109854
418.8929	1.460006	0.6239185
419.2301	1.411333	-0.1156329
419.5673	0.3017637	-0.5972809
419.9045	0.6789465	0.7860701
420.2417	0.8767319	1.633052
420.5788	1.281242	1.334226
420.916	1.574069	0.2014373
421.2531	1.565096	0.1133929
421.5903	0.5291814	0.103966
421.9274	-0.4673605	0.6651912
422.2645	0.4310839	0.3283501
422.6017	0.7742153	0.1487264
422.9388	0.7464213	-0.586919
423.2758	0.5190247	-0.786115
423.6129	0.5919798	-0.4513386
423.95	0.06092642	-0.1069518
424.287	0.6064819	-0.1474767
424.6241	0.5484069	-0.7934564
424.9612	1.170387	0.8340279
425.2982	0.3706224	1.089378
425.6352	0.08586765	0.8539301
425.9722	-0.970255	-0.4310583
426.3092	-0.7528525	0.7246232
426.6462	-0.320667	1.229561
426.9832	-0.1594405	1.666943
427.3201	0.2297084	1.512663
427.6571	0.3675443	1.069171
427.994	0.7855247	1.301403
428.331	0.7204672	0.7478566
428.6679	0.5704493	0.3172926
429.0048	0.3471585	0.08078378
429.3417	0.3119221	0.6007237
429.6786	0.8788691	0.6101724
430.0155	0.1294145	0.6952103
430.3524	0.01517697	0.6229776
430.6893	-0.1692593	0.1706441
431.0261	0.7091669	0.1766087
431.363	0.05480698	0.3076664
431.6998	0.1722022	1.046471
432.0367	-0.7382317	0.7572913
432.3735	0.3339016	0.6141329
432.7103	0.2364544	0.39447
433.0471	0.4227198	0.5127767
433.3839	0.2400376	-0.1843994
433.7206	0.5164026	-0.001820746
434.0574	0.5961672	0.03174343
434.3942	0.4103434	0.5487894
434.7309	-0.246492	1.037784
435.0677	-0.9358087	1.490559
435.4044	-0.6125937	1.315637
435.7411	0.006919716	0.2886909
436.0778	0.292222	0.3887019
436.4145	0.9045716	1.320205
436.7512	0.4016446	1.535357
437.0879	0.02883851	0.8565251
437.4245	-0.4787773	0.9970426
437.7612	0.1954124	2.419598
438.0978	0.7202171	2.008514
438.4345	1.251034	2.06262
438.7711	0.3984038	1.75085
439.1077	0.3022794	2.821065
439.4443	0.1464226	2.497189
439.7809	0.4854471	1.897357
440.1175	0.4828885	1.932434
440.4541	0.8652995	3.141255
440.7906	0.5390638	2.919484
441.1272	-0.02997088	3.010823
441.4637	0.3477011	3.272565
441.8003	0.5199658	3.077362
442.1368	0.9170719	2.208419
442.4733	0.936331	3.196316
442.8098	1.245297	3.713907
443.1463	0.7310756	4.158387
443.4828	0.4421282	4.114477
443.8192	0.7201357	3.72098
444.1557	0.6603819	3.744173
444.4922	0.306816	4.232401
444.8286	0.7128651	4.592937
445.165	1.341314	4.834395
445.5015	0.9286344	5.03708
445.8379	0.9310424	5.564503
446.1743	0.4857265	5.103698
446.5107	0.4491904	5.880441
446.847	0.2634827	6.249007
447.1834	0.9694695	6.301358
447.5198	0.6872687	6.302192
447.8561	1.089797	5.94872
448.1924	1.580821	5.836849
448.5288	1.356407	6.435643
448.8651	0.9546061	7.591614
449.2014	0.878462	7.016445
449.5377	1.077908	5.440942
449.874	0.7943684	5.20414
450.2103	1.368448	5.115016
450.5465	1.591507	5.261903
450.8828	1.835533	5.584048
451.2191	1.137924	5.955798
451.5553	1.327782	6.024479
451.8915	1.560813	6.110418
452.2277	2.248362	6.166103
452.5639	1.042862	6.556834
452.9001	0.5155933	6.342573
453.2363	-0.08127876	5.587317
453.5725	0.7538875	4.82321
453.9086	0.8022513	5.982589
454.2448	0.9462453	5.901123
454.5809	0.4986733	5.154325
454.9171	0.8401664	4.834685
455.2532	1.193425	5.47104
455.5893	0.944822	4.734011
455.9254	0.5569806	4.358543
456.2615	0.6972818	4.263402
456.5976	0.9301042	4.792935
456.9337	1.267799	4.318794
457.2697	1.257829	4.62622
457.6057	0.9319332	3.884536
457.9418	0.4329518	3.901163
458.2778	0.02659879	3.47883
458.6138	1.160211	4.408548
458.9499	1.417252	3.979511
459.2859	0.2924483	3.152822
459.6218	-0.2513989	2.9971
459.9578	-0.08305483	3.280139
460.2938	-0.5138384	2.733282
460.6297	-0.6728154	2.724323
460.9657	0.6927331	3.877479
461.3016	0.4939057	3.294686
461.6375	-0.2981073	2.113708
461.9734	-0.3468454	1.843698
462.3094	0.5070246	3.045957
462.6452	0.8247733	3.650826
462.9811	0.5996291	3.312472
463.317	0.2280853	2.820737
463.6529	0.1887553	2.444319
463.9887	-0.116119	2.845616
464.3246	-0.3029977	2.059816
464.6604	0.1472838	2.794118
464.9962	0.8298738	2.958662
465.332	0.03438948	2.537818
465.6678	-0.531488	1.421582
466.0036	-0.7962711	0.9989411
466.3394	-0.6072952	1.938846
466.6751	-0.3356179	2.256364
467.0109	-0.2446431	3.195151
467.3466	0.321705	1.773297
467.6824	0.7716305	1.476825
468.0181	1.0665	1.078916
468.3538	0.02920376	1.16064
468.6895	-0.05050569	1.598945
469.0252	0.3146469	2.13365
469.3609	0.9653182	2.389343
469.6966	-0.1812061	1.533875
470.0322	-0.1291614	1.856458
470.3679	0.07728217	1.841145
470.7035	1.052563	2.272564
471.0392	0.9505911	2.347526
471.3748	1.166616	1.988477
471.7104	1.040993	0.4049991
472.046	0.2264457	0.2235813
472.3816	-0.4164284	0.547175
472.7172	-0.6768847	1.715703
473.0527	-0.1622764	1.013024
473.3883	0.1720945	1.652409
473.7238	1.075578	1.641855
474.0594	1.134018	1.434508
474.3949	0.6072548	0.7604212
474.7304	0.1439194	0.4473098
475.0659	1.030891	1.110246
475.4014	0.6434278	1.136672
475.7369	-0.09431902	1.504608
476.0724	0.5649743	1.221788
476.4078	1.290529	1.445066
476.7433	0.1053115	2.150568
477.0787	-0.4886359	1.830431
477.4141	0.7247421	1.803051
477.7495	1.197379	1.524592
478.085	-0.5050946	1.858323
478.4203	-0.8653643	1.023848
478.7557	-0.1199712	-0.1007977
479.0911	0.2622595	-0.246729
479.4265	-0.2381823	1.151262
479.7618	0.2959828	2.141605
480.0972	0.8309355	1.814239
480.4325	0.9114915	0.5857278
480.7678	0.7350135	0.9407173
481.1031	1.006165	1.12128
481.4384	2.160882	1.806164
481.7737	2.643074	1.431711
482.109	1.87702	0.9052181
482.4443	0.0578775	-0.08363356
482.7795	0.4119547	0.3164777
483.1148	0.8811049	1.712347
483.45	0.9295545	1.780825
483.7852	0.5092627	0.7846631
484.1205	0.4164163	0.555292
484.4557	0.2665954	1.627972
484.7909	-0.105807	1.385201
485.1261	-0.08490853	1.114224
485.4612	-0.2928102	1.253789
485.7964	0.6956067	1.593763
486.1315	0.9893612	1.634801
486.4667	0.2961632	1.467605
486.8018	-0.3586001	1.324116
487.1369	0.1990769	1.581012
487.472	1.047224	2.204849
487.8071	0.6385496	1.975696
488.1422	0.6520035	1.17032
488.4773	0.7861565	1.066331
488.8124	1.140159	1.279835
489.1474	0.1625597	1.488114
489.4825	0.2636405	1.006589
489.8175	1.158363	0.2416467
490.1525	1.717093	0.2463629
490.4875	1.743927	1.272594
490.8225	1.650159	2.175299
491.1575	0.764194	1.125579
491.4925	-0.1924352	0.6694114
491.8275	-0.7495906	1.089204
492.1624	-0.5238189	1.518209
492.4974	-0.06291569	1.980465
492.8323	0.3050844	2.881248
493.1672	0.2593631	2.630844
493.5022	-0.02216941	1.549597
493.8371	0.432481	1.502634
494.172	-0.03338724	1.874516
494.5068	0.131586	1.19509
494.8417	0.2471147	0.9960337
495.1766	0.4410887	1.384247
495.5114	0.5947205	2.287436
495.8463	0.94073	2.537073
496.1811	0.6239238	2.514887
496.5159	0.5041952	2.656604
496.8507	0.7088661	2.467581
497.1855	0.9327346	1.784151
497.5203	0.2224502	1.111596
497.8551	0.05694901	0.752405
498.1898	0.1819776	0.8830221
498.5246	-0.1932004	0.7913849
498.8593	-0.1581127	2.271938
499.1941	0.1038652	2.733163
499.5288	1.276975	2.813542
499.8635	1.110474	1.140751
500.1982	0.9074475	1.357691
500.5329	0.3202081	1.483729
500.8676	-0.1130773	2.318086
501.2022	0.1144647	1.515196
501.5369	0.5074701	1.840274
501.8715	1.143967	1.397613
502.2061	1.326809	1.919737
502.5408	1.740058	1.921144
502.8754	1.29528	2.388149
503.21	0.9944885	2.296087
503.5446	-0.09838751	2.008572
503.8792	0.1560234	1.921568
504.2137	1.567127	2.26543
504.5482	2.331403	2.278246
504.8828	0.6271771	2.736421
505.2173	-0.4101232	2.210284
505.5518	-0.5426412	1.871962
505.8864	-0.3856083	1.496905
506.2209	-0.6275239	1.037709
506.5554	-0.8535062	0.7292391
506.8898	0.3260466	1.036207
507.2243	1.791703	1.157693
507.5588	2.851938	1.001574
507.8932	1.647013	1.955435
508.2277	0.291954	2.792459
508.5621	-0.4828832	1.751885
508.8965	0.3698543	1.471448
509.2309	0.8583066	2.293026
509.5653	0.746008	3.266038
509.8997	0.51645	3.160437
510.234	0.6842985	3.101385
510.5684	1.023138	2.439516
510.9027	1.282922	2.935066
511.2371	1.207936	2.715148
511.5714	1.527113	3.005502
511.9057	1.079328	1.961179
512.2401	0.2100716	1.486571
512.5743	-0.03983703	1.900581
512.9086	-0.01507936	2.871605
513.2429	-0.2582091	3.109528
513.5771	-0.09531648	3.117049
513.9114	0.6554731	3.353815
514.2456	-0.007310851	2.893872
514.5798	0.2398843	2.038013
514.9141	0.2247959	2.271726
515.2482	1.274118	2.815933
515.5825	0.8939475	4.154449
515.9166	0.5539367	4.233603
516.2508	-0.02672433	3.780323
516.585	0.3759029	2.942377
516.9191	1.184883	3.335458
517.2532	1.161089	3.12209
517.5874	1.077571	3.873992
517.9215	-0.286548	3.631088
518.2556	-0.7063471	4.037365
518.5897	-0.4130349	3.34564
518.9238	0.9714391	4.086695
519.2578	1.467204	3.586869
519.5919	1.409343	3.700807
519.926	0.9514849	2.922157
520.26	0.3528489	2.262537
520.594	-0.5689275	2.212524
520.928	-0.1742284	2.655235
521.262	0.8727987	3.478451
521.596	1.289165	2.967348
521.93	0.7583038	3.195571
522.264	-0.2052073	2.721631
522.598	-0.26297	2.882422
522.9319	0.5003744	2.859213
523.2658	0.970803	3.100796
523.5997	0.1779508	2.539341
523.9337	-0.36559	2.079807
524.2676	0.337652	2.616276
524.6014	0.8135507	3.323281
524.9354	0.01521856	3.476514
525.2692	0.7096542	3.131267
525.6031	1.362658	3.748624
525.937	1.925837	3.398978
526.2708	0.905686	2.565667
526.6046	1.394368	2.82016
526.9384	0.8721571	3.374739
527.2722	0.8852355	2.703438
527.606	0.6518868	2.182986
527.9398	1.435689	3.186963
528.2736	1.044402	4.171549
528.6073	0.9972791	4.548481
528.941	0.6815371	3.46461
529.2748	0.5678738	1.689911
529.6085	0.4065064	2.216266
529.9422	1.320605	3.062511
530.2759	1.673588	4.031757
530.6096	0.6531218	3.829258
530.9433	0.03994277	4.1855
531.277	0.5878176	3.697949
531.6107	1.613974	4.283965
531.9443	1.546099	4.081814
532.2779	0.9285104	3.93885
532.6115	0.3687655	4.108842
532.9451	0.4299046	3.663776
533.2787	0.6524304	3.053466
533.6124	1.610561	3.228149
533.9459	1.440417	3.910406
534.2795	0.3587223	3.880359
534.613	-0.3399917	2.751961
534.9466	-0.28499	1.751421
535.2801	0.4579916	1.707008
535.6136	1.379966	3.468672
535.9471	1.180479	3.82826
536.2806	0.2901453	3.153001
536.6141	0.2837262	1.931339
536.9476	1.441925	2.508166
537.2811	0.3852999	3.720549
537.6146	0.2281274	3.939578
537.948	-0.07593292	2.620971
538.2814	0.4238369	2.251868
538.6148	-0.2696936	2.746422
538.9482	0.1367938	4.495905
539.2816	0.8491151	5.566291
539.6151	1.148121	4.947407
539.9484	1.148661	3.175943
540.2817	1.225265	2.451308
540.6151	1.188679	2.729698
540.9484	1.088333	2.849628
541.2818	0.5677204	2.780478
541.6151	0.2221409	2.352024
541.9484	-0.2083459	2.437777
542.2817	0.4700185	3.298022
542.615	0.4340368	3.581853
542.9482	0.9606038	3.087927
543.2815	1.795572	2.834181
543.6147	2.112826	2.536608
543.948	1.279152	2.670964
544.2813	0.7443547	3.270514
544.6144	1.099048	3.607519
544.9476	1.424524	2.333002
545.2808	1.106519	1.371725
545.614	0.9386041	1.298589
545.9472	0.7351344	2.586568
546.2803	1.863614	3.122647
546.6135	2.15043	3.425981
546.9467	1.85448	3.096456
547.2798	0.8497975	3.10917
547.6129	0.6272839	2.117468
547.946	0.8427035	1.741369
548.2791	1.618147	2.129892
548.6122	1.651385	3.095396
548.9453	1.229236	3.472654
549.2783	1.718635	3.782871
549.6113	2.120323	3.417849
549.9443	0.9853832	3.235286
550.2774	0.1259184	3.552947
550.6104	0.245017	3.311087
550.9434	0.4779683	3.155186
551.2764	0.8076226	2.893615
551.6094	1.498138	2.475586
551.9423	1.974797	2.929299
552.2753	1.763646	4.051442
552.6082	1.16881	4.121011
552.9412	0.5832348	3.404114
553.274	0.213823	3.640879
553.6069	0.6137904	3.827127
553.9399	0.8125404	3.13912
554.2728	1.387265	2.800392
554.6056	0.5193098	2.40721
554.9385	0.8257748	2.25208
555.2713	-0.008408673	2.404792
555.6042	-0.08875497	3.780932
555.937	-0.1661964	4.196624
556.2698	0.9440885	4.62476
556.6026	1.089469	3.588337
556.9354	0.6951802	3.073119
557.2682	-0.2345831	2.449328
557.601	-0.2021195	3.926031
557.9337	1.057909	3.93064
558.2664	1.118828	3.217777
558.5992	0.4023862	2.515035
558.9319	-0.2614371	2.795466
559.2646	0.07358729	2.099462
559.5973	-0.1828486	2.784995
559.93	0.6056559	2.759895
560.2627	0.6865123	3.138829
560.5953	0.3093542	1.930438
560.928	-0.2622015	2.074744
561.2606	-0.1525058	2.409465
561.5933	1.106199	2.59413
561.9259	1.155838	1.771635
562.2585	1.924677	2.173049
562.5911	1.258988	3.777744
562.9236	1.160074	3.303603
563.2562	0.5465935	1.969679
563.5888	0.5887684	1.757637
563.9213	0.1245735	2.25814
564.2539	0.997095	2.161005
564.5864	1.63106	2.386593
564.9189	1.702414	2.853029
565.2514	0.8604677	4.185361
565.5839	1.025513	4.255922
565.9164	0.8331983	3.498434
566.2488	1.385607	2.72854
566.5813	1.359684	2.801215
566.9138	1.013591	3.078287
567.2462	0.1164417	2.757264
567.5786	0.07651504	3.625784
567.911	0.2864698	3.088471
568.2434	0.9318112	2.800221
568.5758	0.8076755	2.027923
568.9081	0.09504989	2.652345
569.2405	-0.004168261	3.299296
569.5729	0.1317574	3.587476
569.9052	1.176	3.501854
570.2375	1.054477	3.534001
570.5699	0.7259665	4.859286
570.9022	-0.008114687	4.861825
571.2344	1.07458	4.415288
571.5667	1.490144	2.830183
571.899	0.9614666	3.155356
572.2313	0.8887101	2.483016
572.5635	0.5096716	2.914243
572.8958	-0.1345431	2.985873
573.228	-0.5381552	3.105965
573.5602	0.4746729	2.111476
573.8923	0.3220087	2.348071
574.2245	-0.01225444	3.365735
574.5567	0.02220975	3.4937
574.8889	0.9110517	3.332593
575.221	1.405711	3.155338
575.5532	0.89662	3.528545
575.8853	0.9484363	3.496327
576.2174	1.098655	3.977319
576.5495	1.153159	3.681467
576.8816	1.19803	3.85556
577.2137	1.574599	2.921792
577.5458	1.820438	3.222653
577.8778	1.537469	4.180391
578.2098	0.5086147	4.957939
578.5419	0.0646567	4.198428
578.8739	0.5899588	3.067321
579.2059	1.007928	3.089956
579.5379	0.1851939	3.424332
579.8699	0.2739101	4.526592
580.2019	1.382058	3.631315
580.5339	1.591487	2.538332
580.8658	0.7687316	2.19219
581.1978	-0.4335634	3.588618
581.5297	-0.0850972	3.118263
581.8616	0.2868834	2.387532
582.1935	1.208992	2.796148
582.5254	0.6989428	3.798751
582.8572	0.8111728	4.175552
583.1891	0.5603415	4.105588
583.521	2.128877	3.934828
583.8528	1.665033	3.593756
584.1846	0.9455123	3.488046
584.5165	0.04367047	3.365411
584.8483	1.631612	2.980314
585.1801	1.71424	3.26145
585.5118	0.248022	3.146485
585.8436	-1.014585	3.120083
586.1754	-1.20869	4.141552
586.5071	-0.01486634	4.07953
586.8389	0.6245397	2.907688
587.1706	2.185138	2.325003
587.5023	2.350467	3.741275
587.834	2.209776	3.826025
588.1657	0.7377629	4.50894
588.4974	0.896679	4.076614
588.829	0.5391405	3.65244
589.1607	0.7088569	3.051117
589.4924	1.263192	3.534955
589.824	1.940531	3.095907
590.1556	0.9678096	3.599425
590.4872	1.25611	4.510572
590.8188	2.259629	3.965399
591.1504	3.123164	3.196381
591.4819	1.595204	3.0073
591.8135	1.155305	3.10408
592.1451	0.4888664	2.872955
592.4766	1.287939	3.181112
592.8081	1.687184	3.524578
593.1396	2.147574	3.112865
593.4711	1.448836	2.859417
593.8026	1.394428	3.456766
594.1341	2.309556	4.589788
594.4655	1.231488	4.709601
594.797	0.6845593	3.61761
595.1284	1.438636	2.850996
595.4598	1.924769	3.197956
595.7913	0.5488884	4.281479
596.1227	0.8023401	4.557497
596.454	1.410229	4.61989
596.7855	1.979128	5.168047
597.1168	1.511215	4.943793
597.4482	1.604708	4.62732
597.7795	1.16615	4.302822
598.1108	1.965489	4.826625
598.4421	1.449338	3.698721
598.7734	1.488675	3.042895
599.1047	0.9755028	2.361135
599.436	1.853888	2.780535
599.7673	1.686588	3.711796
600.0986	2.952167	4.623485
600.4298	2.852043	4.465798
600.761	3.453933	3.456451
601.0923	2.883339	3.213312
601.4235	2.941405	3.2574
601.7547	2.164862	3.019676
602.0859	1.877417	3.596985
602.4171	2.277517	4.473206
602.7482	2.997754	4.762259
603.0793	2.296474	4.414973
603.4105	1.605524	3.906179
603.7416	1.052449	3.775567
604.0728	1.963795	3.943738
604.4038	2.219055	3.913223
604.7349	2.43866	3.957872
605.066	2.070335	4.628025
605.397	1.804312	4.995261
605.7281	1.27132	3.851179
606.0591	1.174196	3.628535
606.3902	1.31416	3.391721
606.7212	0.870187	3.475716
607.0522	1.043042	3.240148
607.3832	1.664528	2.809537
607.7142	2.880304	1.940775
608.0452	2.942439	2.111062
608.3761	2.916265	2.980308
608.707	1.17633	3.380543
609.038	1.561633	3.234046
609.3689	1.739541	3.064273
609.6998	2.356097	3.306712
610.0307	1.483389	4.120636
610.3616	2.062961	4.522627
610.6924	2.080993	4.430454
611.0233	2.35481	3.814694
611.3542	1.722822	3.346451
611.685	2.111676	2.816069
612.0158	2.122349	2.596647
612.3466	2.174192	3.766554
612.6774	1.791617	3.569794
613.0082	1.64411	2.331983
613.339	0.9185573	1.724441
613.6697	0.2318022	2.763391
614.0005	0.4354604	2.634259
614.3312	1.12159	2.52269
614.662	2.355602	2.318005
614.9927	2.050073	2.355642
615.3234	1.616032	2.530363
615.6541	0.6523538	2.727658
615.9847	1.076962	2.70716
616.3154	1.745242	2.400218
616.6461	1.629896	3.007349
616.9767	1.196774	3.376353
617.3073	1.363226	3.659617
617.6379	2.005107	3.287327
617.9685	1.965751	2.662104
618.2991	1.086897	2.587533
618.6297	1.003556	2.568513
618.9603	0.7213127	3.401602
619.2908	0.9021602	3.413449
619.6213	1.082216	3.412984
619.9519	1.775068	2.693594
620.2824	0.9404868	2.376528
620.6129	0.6346897	2.44215
620.9434	0.9384579	2.308946
621.2739	1.39378	1.907828
621.6044	0.412362	1.749949
621.9348	1.378599	2.323876
622.2653	2.145126	2.696252
622.5957	1.822211	3.203091
622.9261	0.6598039	2.868763
623.2565	0.7189817	2.698294
623.5869	1.084933	3.155945
623.9173	1.573844	4.311456
624.2476	1.879743	4.644708
624.578	2.907377	3.830127
624.9083	1.980619	2.865408
625.2387	1.641218	3.606144
625.569	0.8842385	4.614647
625.8993	1.301288	4.825047
626.2296	1.166693	3.973748
626.5599	1.200092	3.920272
626.8901	1.140262	3.838456
627.2204	0.7764322	3.232307
627.5507	0.7750666	2.508735
627.8809	1.282387	2.741998
628.2111	0.5511984	2.321939
628.5413	0.3746713	2.125012
628.8715	0.6000967	2.161232
629.2017	2.447461	3.305993
629.5319	1.877628	3.333409
629.8621	2.187971	3.500492
630.1922	1.36808	2.985226
630.5223	1.941767	2.200777
630.8524	0.499478	1.834939
631.1826	1.214824	2.5483
631.5126	1.28069	3.258684
631.8427	1.630553	3.297262
632.1728	0.3096013	2.898427
632.5029	0.7422113	2.272946
632.8329	1.003139	1.496936
633.163	0.2691619	1.313592
633.493	0.4157	2.023702
633.823	1.286969	2.186484
634.153	2.189123	1.515439
634.483	0.8420618	1.360805
634.8129	-0.03930956	2.028384
635.1429	0.2946188	2.103389
635.4728	0.9910386	1.948202
635.8028	0.2770892	2.484607
636.1327	-0.3219159	2.881065
636.4626	0.3942029	2.347826
636.7925	0.2888569	2.142101
637.1224	-0.0426344	2.060619
637.4523	0.2708195	2.281459
637.7821	1.086224	1.602491
638.1119	0.8189171	1.609545
638.4418	0.3963815	1.651193
638.7716	0.0640467	2.384382
639.1014	0.122545	1.219282
639.4312	1.210742	0.9958944
639.761	1.810861	1.396471
640.0908	1.602405	1.801698
640.4205	0.8497556	1.706249
640.7503	1.365124	1.509995
641.08	0.754165	1.683552
641.4097	0.7849454	1.386496
641.7394	1.434935	1.505046
642.0692	1.789255	1.616153
642.3989	1.268399	1.636147
642.7285	0.1668775	1.440051
643.0582	0.3584741	0.5830293
643.3878	0.9555232	0.6961582
643.7175	1.413363	1.797946
644.0471	0.6680512	2.370788
644.3767	0.8829941	2.163871
644.7063	1.579668	1.795284
645.0359	1.345618	0.6675639
645.3655	0.9792512	0.169356
645.695	0.7877256	1.282016
646.0245	1.111299	2.726867
646.3541	0.8729326	2.188516
646.6836	0.9396672	1.530894
647.0131	0.09822881	1.217197
647.3427	-0.1514259	1.390631
647.6721	0.6301069	1.627529
648.0016	0.5645638	1.043248
648.3311	1.10616	1.074741
648.6605	1.142718	0.9539705
648.9899	1.787206	1.329111
649.3193	0.4781226	0.7753795
649.6487	0.4318645	1.169497
649.9781	0.2438084	1.05299
650.3076	0.2865545	1.96248
650.6369	0.2443682	1.247439
650.9662	1.073738	0.5231044
651.2956	1.429314	-0.1587062
651.6249	0.6451896	0.8295298
651.9543	-0.2252164	0.9441052
652.2836	-0.1751754	1.032402
652.6129	0.3018529	0.5663062
652.9421	1.523879	0.6911704
653.2714	1.12532	0.4061406
653.6006	0.8411897	1.132588
653.9299	0.1922628	1.536283
654.2592	1.000234	1.653295
654.5884	0.5281326	0.891948
654.9175	0.8356314	0.9775223
655.2468	-0.054979	0.5944782
655.5759	-0.4072721	0.8470337
655.9051	-0.0679613	0.7934181
656.2343	0.2259334	1.144092
656.5634	0.1516084	0.3811773
656.8925	0.286822	0.4599203
657.2217	1.262183	0.2482259
657.5508	1.310892	0.4953584
657.8798	0.8405538	0.6313741
658.2089	0.08171686	1.884045
658.538	0.1027264	1.828002
658.8671	0.9084136	1.476673
659.1961	1.080486	1.004676
659.5251	0.6164781	0.8921695
659.8541	0.2099467	0.2364559
660.1832	0.6918246	0.2457694
660.5121	0.8006629	0.449733
660.8411	1.376281	1.099548
661.17	0.7252167	0.5534962
661.499	0.0811245	0.8662092
661.8279	0.08747292	0.9268616
662.1569	0.7749967	1.384581
662.4858	0.9398699	0.7224497
662.8147	1.015773	1.018321
663.1436	1.823297	0.7638509
663.4725	1.321488	0.457896
663.8013	0.8418936	0.8915772
664.1302	0.2781136	0.9937866
664.459	0.2906903	0.02300992
664.7878	-0.1930414	-0.2688611
665.1166	0.44187	1.208391
665.4454	1.251918	2.181744
665.7742	1.607918	1.624622
666.103	0.7939122	0.8315459
666.4318	0.2063985	1.124047
666.7605	0.5665212	2.029965
667.0892	0.6883351	1.93821
667.418	1.195895	1.762147
667.7467	0.3168671	0.9619183
668.0754	0.1590762	0.7882254
668.4041	-0.4962177	0.856424
668.7327	0.4841048	0.8750098
669.0614	0.4558982	0.9279221
669.39	1.052235	0.7496768
669.7186	-0.02983731	0.8419065
670.0473	-0.08103681	1.026056
670.3759	-0.2460128	2.287764
670.7045	0.6666421	2.359179
671.0331	0.5745935	0.8663131
671.3616	0.9407858	-0.4566843
671.6902	1.012291	-0.6950119
672.0187	0.4632442	0.5825533
672.3472	0.1078525	1.880226
672.6758	0.3880597	2.431682
673.0043	0.8434666	1.917977
673.3328	1.030638	0.6545398
673.6613	0.4233762	-0.3174084
673.9897	0.009646771	-0.9782676
674.3181	-0.1734381	-1.095685
674.6466	0.1067997	-1.396328
674.975	0.1638833	-0.5016559
675.3034	0.8794681	0.4936188
675.6318	1.200632	1.508723
675.9602	0.8719619	0.8149849
676.2886	0.5763376	0.07504105
676.6169	0.8007669	-0.08776263
676.9453	0.473785	1.1884
677.2736	0.5680613	1.291489
677.6019	0.7365906	1.139321
677.9302	1.007043	0.462447
678.2585	1.15067	0.01892887
678.5869	0.8298571	-0.1209834
678.9151	0.5512062	0.4254735
679.2433	0.1307103	0.9932902
679.5716	0.3657288	0.4512638
679.8998	-0.3740456	1.008795
680.228	-0.3435524	1.664929
680.5563	0.09500531	1.97739
680.8845	0.7642037	0.01106915
681.2126	0.8176656	-1.133626
681.5408	-0.08045725	-1.027438
681.869	-0.2395993	-0.3394415
682.1971	0.04130758	0.636209
682.5252	0.4278755	0.2654967
682.8533	0.4081048	-0.612717
683.1815	0.6850008	-0.9059108
683.5095	1.289095	-0.8638757
683.8376	0.8938521	0.471213
684.1656	0.3772517	1.426581
684.4937	-0.4357058	2.411259
684.8217	-0.6569474	0.7639256
685.1498	0.5891811	-0.1651236
685.4778	1.323209	0.1173131
685.8058	0.8341221	0.2832319
686.1337	0.04562403	-0.3044936
686.4617	0.06215762	-0.3763357
686.7897	-0.2767163	-0.3949395
687.1176	-0.4824294	-0.2563981
687.4456	0.1051562	-0.1690217
687.7735	0.09847559	0.856064
688.1014	0.1407647	0.2191014
688.4293	0.4691846	-0.07917725
688.7571	-0.223911	-0.09137766
689.085	-0.2688111	0.6438859
689.4129	-0.03355837	1.008404
689.7407	1.396561	0.2296338
690.0685	1.109754	-0.04603202
690.3964	0.9894703	-0.1676146
690.7242	0.5332324	-0.5910245
691.0519	0.6602916	-1.22158
691.3797	1.127307	-0.2998608
691.7075	1.103189	1.113799
692.0352	0.8289449	1.589623
692.363	-0.6236317	0.9894294
692.6907	-1.510759	0.117308
693.0184	-1.004938	0.6883453
693.3461	0.445064	1.542465
693.6738	0.9126023	1.90947
694.0015	0.4671459	0.6592931
694.3291	0.09073787	0.8902676
694.6567	0.2004025	0.7181475
694.9844	1.358236	0.8973252
695.312	1.244417	0.3261855
695.6396	0.7129772	0.1229365
695.9672	-0.2500394	-0.3045732
696.2947	0.9488087	-0.2165097
696.6223	0.5751084	0.5678255
696.9499	0.4856745	0.07078031
697.2774	0.03279547	0.07260805
697.6049	0.1683579	0.4785123
697.9324	-0.8397865	0.2962865
698.2599	-0.3094821	-0.1707994
698.5875	-0.7354495	-0.6931373
698.9149	-0.3544877	0.009530038
699.2424	-0.341993	0.172699
699.5698	0.6200273	0.7651515
699.8972	0.3265198	0.5182413
700.2247	0.7378233	0.8630418
700.5521	0.1243116	1.215044
700.8795	-0.1045905	1.656651
701.2068	0.2283224	0.8154344
701.5342	1.105234	0.4331481
701.8616	0.3883033	-0.4863211
702.1889	-0.2705184	-0.1838783
702.5162	-0.5724814	-0.499289
702.8436	0.3114359	-0.2633155
703.1708	1.214631	-0.06941544
703.4981	0.9972019	0.2912416
703.8254	0.01364267	0.6139625
704.1526	-0.2989142	-0.2010967
704.4799	0.2685125	-0.1455444
704.8071	-0.007318902	-0.4524937
705.1343	0.123331	-0.5839003
705.4615	0.5883261	0.04561413
705.7888	1.053144	0.8783313
706.116	-0.02656581	0.7610339
706.4431	-0.05407214	0.1289917
706.7703	0.6667295	0.7773797
707.0974	1.318226	1.827824
707.4246	0.7704355	1.013187
707.7516	0.7540863	-0.3152067
708.0787	1.594092	-0.4305663
708.4058	1.58461	0.5643748
708.7329	0.2193779	0.1069652
709.06	-1.060431	-1.170221
709.387	-0.8763198	-1.344201
709.7141	-0.09834637	-0.2921263
710.0411	0.399655	0.2174092
710.3681	0.1999185	0.06252641
710.6951	0.8946491	-0.06958039
711.022	0.9406806	0.9265842
711.349	0.2906432	1.150864
711.676	-1.093066	0.930401
712.0029	-0.5679018	0.2345962
712.3298	0.03268287	-0.4172261
712.6567	-0.04094819	-1.772802
712.9836	0.1130985	-0.9076703
713.3105	0.3433432	0.494529
713.6375	0.1548622	0.9000688
713.9643	0.3393987	0.04514378
714.2911	0.7014343	-0.6644582
714.618	0.8556175	-0.3846899
714.9448	0.3217019	-0.5722897
715.2716	0.8702435	0.6552208
715.5984	1.470805	1.024696
715.9252	0.5859285	1.483812
716.252	-0.1191204	0.68823
716.5787	0.4805543	0.2719096
716.9055	1.725584	0.08161287
717.2322	0.9148504	0.240265
717.5588	0.5397589	-0.02034493
717.8856	1.046103	-0.9129833
718.2123	0.7196586	-0.3156827
718.5389	0.01779112	0.2574384
718.8656	-0.3127707	0.2304332
719.1923	0.3387765	0.01088937
719.5189	0.08010408	0.6419936
719.8455	-0.7048024	0.4070773
720.1721	-1.148824	0.04304255
720.4987	-0.1960027	0.1555054
720.8253	0.7804961	0.1509041
721.1519	0.9841276	-0.2799678
721.4784	0.8285117	-0.3596298
721.8049	1.205764	0.8847409
722.1315	1.307103	0.7795085
722.4579	0.07664914	0.8705852
722.7844	-0.7295585	0.1282354
723.111	-0.7252433	0.238671
723.4374	0.691312	-1.099231
723.7639	1.365495	-0.7733281
724.0903	2.610832	0.08449759
724.4167	1.483903	-0.180257
724.7432	0.676159	-0.9494543
725.0696	-0.680535	-1.025103
725.3959	-0.2278464	-0.5278805
725.7224	-0.3675005	-0.3532495
726.0487	0.807119	-0.2018691
726.3751	0.4476704	-0.1472859
726.7014	0.6875911	0.3781286
727.0277	0.6305059	0.6435165
727.354	0.8960087	0.846489
727.6803	0.08262771	-0.3140044
728.0066	-0.4644627	-0.101288
728.3328	-0.2289504	0.1497696
728.6591	0.3847885	0.35693
728.9854	0.4037053	-0.3281054
729.3116	-0.3611465	-0.2262585
729.6378	-0.5933915	0.4008566
729.964	0.308804	0.03889575
730.2902	0.9007766	-0.480419
730.6163	1.051068	-0.4423497
730.9425	0.5311794	-0.3934677
731.2687	0.3351603	-0.1274309
731.5948	0.1464542	0.2343693
731.9209	0.1461534	0.3455456
732.247	-0.1845964	0.3228348
732.5731	0.02739356	-0.2621145
732.8992	0.1913265	-0.8252279
733.2253	0.4022163	-0.8225115
733.5513	0.2121181	0.8604258
733.8773	0.1171341	0.9080671
734.2034	0.1832366	-0.4600205
734.5294	0.2127241	-0.9816898
734.8553	-0.1921366	0.03868911
735.1813	-0.03651361	0.5591102
735.5073	0.5178515	0.2833284
735.8333	0.6034464	0.277095
736.1592	-0.2973501	0.1218828
736.4852	0.1292029	-0.2471629
736.8111	0.6966926	0.1368297
737.137	1.232436	0.2657601
737.4628	0.4572245	0.3392941
737.7888	0.771881	-0.7890363
738.1146	1.131107	-0.2341664
738.4404	1.472323	-0.1172414
738.7663	0.5810964	0.3571713
739.0921	-0.2702017	0.4361357
739.4179	-0.4289744	0.69201
739.7437	-0.2776409	0.2877282
740.0695	0.2710633	-0.4906978
740.3952	-0.6633958	-0.1373083
740.721	-0.5452347	-0.3110212
741.0467	-0.2029583	-0.4187691
741.3724	1.167483	0.1408699
741.6981	1.207798	1.142557
742.0239	0.5160621	0.451379
742.3495	-0.1096413	-1.521159
742.6752	0.4421544	-1.522091
743.0009	0.4048755	-0.4943503
743.3265	0.5701119	0.4043241
743.6521	0.09065276	-0.1900315
743.9777	0.7697204	0.2571479
744.3033	-0.2053828	0.4673082
744.6289	-0.03994628	0.6945404
744.9545	-0.9808237	-0.1488145
745.28	0.1007913	-0.9102554
745.6056	0.8949095	-0.669381
745.9312	0.5388008	-0.3894648
746.2567	-1.21065	-0.4750994
746.5822	-1.15016	-0.3410935
746.9077	-0.6875064	0.2547279
747.2331	-0.3437489	1.400319
747.5586	0.568278	0.8900926
747.884	1.16973	0.5651551
748.2095	0.1842183	-0.4491319
748.5349	-0.2266992	0.433428
748.8603	0.2139634	0.7780909
749.1857	0.5695519	0.7340749
749.511	0.01689516	-0.003473823
749.8364	0.2175087	0.3392508
750.1618	0.4393193	0.5010872
750.4871	1.04958	-0.187321
750.8124	1.07669	-1.024628
751.1378	1.351673	-0.6348129
751.4631	0.4887129	-0.7319167
751.7883	0.2983768	-0.06417323
752.1136	-0.1740588	-0.2133943
752.4388	0.1014704	0.5416778
752.7641	-0.8052266	0.6633105
753.0894	-0.3587897	0.988063
753.4146	-0.0332348	0.1951104
753.7397	0.4736683	0.1564814
754.0649	-0.7004212	0.0746282
754.3901	-0.7020633	-0.06003205
754.7153	-0.2528707	-0.2171306
755.0404	0.5121349	-0.1300703
755.3655	0.6759935	-0.1379768
755.6907	1.093686	0.05445913
756.0157	0.3714449	0.06057382
756.3408	0.2019846	-0.4442524
756.6659	0.4488276	-1.198572
756.991	1.076344	-0.859112
757.316	1.590867	-0.4324638
757.6411	1.749548	0.2275675
757.9661	0.7948007	-0.08803159
758.2911	0.1028053	-0.2280733
758.6161	0.4350037	-0.01757578
758.941	0.5674068	0.7101529
759.266	0.6872408	0.551549
759.5909	0.7423786	0.4801905
759.9159	0.8670737	0.2665089
760.2408	0.4609995	0.4308214
760.5657	0.4494478	-0.1982905
760.8906	0.2742454	-0.5473545
761.2155	0.5704055	-1.228935
761.5404	0.619312	0.1799676
761.8652	1.13155	0.8781725
762.1901	0.8544357	1.075299
762.5149	0.8863373	-0.0512059
762.8397	0.5007195	0.3172056
763.1645	0.3250155	-0.1107436
763.4893	0.6550531	0.3932419
763.814	1.747893	-0.5028242
764.1388	2.123441	-0.0001557344
764.4636	2.169704	-0.2620046
764.7883	1.659189	0.4423772
765.113	0.3006907	0.07914675
765.4377	0.6367976	0.3930178
765.7624	2.029276	0.7713872
766.087	2.649524	1.43876
766.4117	1.874586	0.6614309
766.7363	1.475811	-0.8247415
767.061	0.9347928	-0.673016
767.3856	1.566086	-0.2352433
767.7102	1.699225	-0.3169648
768.0348	2.025868	-0.3914363
768.3594	2.678861	0.05099817
768.6839	3.074779	-0.05172034
769.0084	3.089032	0.6186897
769.333	3.418531	1.169166
769.6575	3.714542	0.9283041
769.982	2.630796	-0.08388585
770.3065	1.83501	-0.1169871
770.631	1.5025	0.4099966
770.9554	1.484791	0.126076
771.2798	2.082712	0.5041571
771.6043	2.055949	0.7314188
771.9287	2.288455	0.757612
772.2531	1.9359	-0.2793229
772.5775	1.803748	0.3888921
772.9019	1.50557	0.07542884
773.2263	2.441512	-0.4038311
773.5506	3.182606	-1.150527
773.8749	3.187927	-0.7984734
774.1993	3.00537	-0.2046621
774.5236	3.279583	-0.2767373
774.8478	3.3245	-0.6425998
775.1721	2.985551	-0.9884554
775.4964	2.777995	-0.1179436
775.8207	2.933088	0.3164192
776.1449	2.476623	0.1441893
776.4691	2.524384	-0.1355364
776.7933	3.146268	-0.6843809
777.1175	3.297464	-0.4111097
777.4417	2.99131	-0.3436549
777.7659	3.012932	-0.4268915
778.09	4.750253	-0.9454913
778.4141	5.160899	-0.9059387
778.7383	4.824185	0.3389985
779.0624	3.996997	0.8720608
779.3865	4.233208	0.2596667
779.7106	4.178924	-0.4749092
780.0346	3.318122	-0.4996234
780.3586	2.385557	0.07369216
780.6827	2.268453	-0.121364
781.0067	3.380634	0.066127
781.3307	3.486447	0.2980275
781.6547	3.765012	1.174222
781.9787	3.536434	0.5506129
782.3027	4.195843	0.2320763
782.6266	3.817328	0.3447803
782.9506	4.366507	0.3638913
783.2745	3.190431	-0.4438345
783.5984	3.442109	-0.6032206
783.9223	3.288141	-0.2015455
784.2462	4.041274	-1.167288
784.5701	3.949628	-2.053215
784.8939	3.724548	-0.8866382
785.2177	3.142939	0.569685
785.5416	4.145452	1.098799
785.8654	4.971662	0.4007611
786.1891	4.75668	0.343644
786.5129	3.732987	0.2556747
786.8367	4.583282	0.7600057
787.1605	5.220388	0.378897
787.4842	5.705626	0.003564985
787.8079	5.137364	-0.1423864
788.1317	4.074694	-0.3316232
788.4553	3.539438	-0.3066888
788.779	4.177059	0.3367245
789.1027	4.38995	1.036047
789.4263	3.298158	0.3052402
789.75	2.649233	0.143925
790.0736	3.655216	0.4625812
790.3972	3.352058	0.8973652
790.7208	2.27997	0.5949799
791.0444	1.957528	0.1417051
791.368	3.04116	0.2096628
791.6915	3.924307	-0.1897802
792.0151	3.804627	-0.08696718
792.3386	3.131771	-0.4406212
792.6621	2.589864	0.7440795
792.9856	2.129058	0.3938908
793.3091	2.314297	0.1830535
793.6325	2.957793	-0.7175086
793.956	4.104171	-0.4366783
794.2794	4.359877	0.2507836
794.6028	4.083434	1.358183
794.9263	3.811076	1.785321
795.2496	4.042923	1.14747
795.5731	3.921228	0.06212743
795.8964	3.28949	-0.8244824
796.2198	2.909109	-0.8575113
796.5431	2.622009	-1.049262
796.8664	1.814452	-0.4762076
797.1898	1.553138	0.530548
797.513	1.875107	1.387736
797.8363	2.747031	1.299609
798.1595	2.50785	0.09493535
798.4828	2.765442	-0.6120862
798.8061	1.932711	-0.09890075
799.1293	2.182392	0.8320847
799.4525	1.592824	0.07926883
799.7757	1.854895	-1.098539
800.0989	1.625611	-0.5646132
800.4221	1.616097	-0.1185237
800.7452	1.786931	0.8247879
801.0683	2.135553	1.266072
801.3915	2.675419	1.690793
801.7145	2.781489	1.019744
802.0377	2.052036	0.6906933
802.3607	0.867902	0.6655626
802.6838	1.600673	-0.2211912
803.0068	2.957765	-0.3630015
803.3299	3.350017	0.7452205
803.6529	2.253233	0.8559556
803.9759	1.455724	0.4733312
804.2989	1.096362	1.425835
804.6219	2.257617	1.351678
804.9448	2.433555	0.7728191
805.2678	1.276639	0.8399613
805.5908	0.5169586	1.416289
805.9136	0.9007288	0.9327166
806.2366	1.555709	0.8850158
806.5594	1.280359	0.3611205
806.8823	0.7860672	-0.04632604
807.2052	0.802968	0.6450318
807.528	1.139818	1.403862
807.8509	0.4099452	1.321733
808.1737	-0.359962	0.9434299
808.4965	-0.1524556	1.001763
808.8193	0.1256938	0.4765669
809.1421	0.3579358	0.5042424
809.4648	0.4298786	-0.6192492
809.7876	0.9329925	-0.6539375
810.1103	1.027353	-0.500527
810.433	1.320312	0.7615066
810.7557	1.590052	0.2147548
811.0784	1.274284	-0.1580411
811.4011	1.26768	0.4970832
811.7238	0.3259202	0.5467718
812.0464	0.1326263	0.2167836
812.369	0.3258913	-0.5059285
812.6917	1.878706	-0.3881942
813.0142	1.63875	-0.8665513
813.3369	1.010825	0.07067189
813.6594	1.443522	0.3932921
813.9819	1.887692	0.4503892
814.3045	1.568315	-0.1080966
814.627	0.7261077	0.6336676
814.9495	1.004802	0.1834657
815.272	0.7616454	-0.11307
815.5945	1.183486	-0.508186
815.917	1.355323	0.60658
816.2394	1.428557	0.7561728
816.5619	1.47941	0.5652885
816.8843	1.491088	0.07084911
817.2067	1.739663	-0.1512007
817.5291	1.823555	-1.286202
817.8515	2.121876	-0.6720743
818.1739	0.7586083	0.09221607
818.4962	-0.01433921	0.7356957
818.8185	-0.1124258	-0.2420091
819.1409	-0.06677537	-0.05814699
819.4632	-0.005469479	0.1179997
819.7855	0.1653595	-0.2469573
820.1078	0.9642166	0.2258599
820.4301	1.710557	-0.6594191
820.7523	2.188608	-0.8444083
821.0745	1.363823	-0.703403
821.3967	0.7500552	0.3470665
821.7189	0.9869247	0.2971384
822.0411	0.8758983	-0.4525156
822.3633	0.6954396	-0.3081881
822.6855	0.2244176	-0.4175412
823.0076	0.08639968	-0.03273379
823.3298	0.4040206	-0.4300378
823.6519	1.021063	-0.3346931
823.974	0.6249083	-0.3964459
824.2961	0.04705429	-0.3063719
824.6182	0.7704483	0.5255069
824.9402	1.619083	1.536313
825.2623	0.9863374	1.141828
825.5843	-0.2141167	0.1158058
825.9063	0.3994552	-0.778921
826.2283	0.8648779	-0.949394
826.5503	1.014403	-0.3534929
826.8723	0.7391396	0.2216047
827.1942	1.797312	0.5927573
827.5162	1.931917	0.07876858
827.8381	1.216028	0.17968
828.16	0.2130053	0.1396288
828.4819	0.1438631	0.899911
828.8038	0.3275491	0.7331574
829.1257	0.299243	1.135863
829.4475	0.7424372	0.3134332
829.7693	0.6911583	0.1226343
830.0912	0.01474588	-0.6226941
830.413	-0.05866762	-0.7026341
830.7348	0.9360044	-0.932327
831.0566	1.969764	-1.310917
831.3784	2.1598	-1.57175
831.7001	1.347044	-1.04009
832.0219	0.3646154	-0.03257951
832.3436	-0.3484507	0.2178597
832.6653	-0.5124916	0.2647987
832.9869	0.00873494	-0.1203017
833.3087	0.1981155	-0.518967
833.6303	0.337856	-0.04582004
833.9519	-0.4214019	0.3878103
834.2736	-1.117923	-0.1247165
834.5952	-1.579602	-0.5029126
834.9168	0.1214045	-0.1923997
835.2384	1.120364	-0.3257724
835.5599	0.5582556	0.2325994
835.8815	-0.3561423	0.4502165
836.2031	-0.4732525	0.7481513
836.5246	0.2007001	-1.141073
836.8461	0.06292897	-1.275195
837.1676	0.2445624	-0.6220928
837.4891	0.07707815	0.6546752
837.8105	0.6048293	0.5815476
838.132	-0.3624825	0.4810477
838.4534	-0.2488508	0.5302584
838.7748	-0.2771324	0.1553836
839.0963	0.4385189	0.6366021
839.4177	0.4966687	0.4590379
839.7391	0.9630323	0.373516
840.0604	0.974944	0.08297244
840.3818	1.302101	0.3915609
840.7031	1.316142	0.2457049
841.0244	1.004139	-0.2066717
841.3457	0.7064692	-0.4596287
841.667	0.3131135	-0.8295842
841.9883	-0.005424436	-0.7888967
842.3096	-0.4230399	-0.8712588
842.6308	-0.7839783	0.2207419
842.952	-0.5136991	0.4286493
843.2733	0.1998153	0.4773891
843.5944	0.5263181	0.1888897
843.9156	0.4814375	0.2837548
844.2368	0.0205847	0.07457718
844.558	0.1709343	0.3419861
844.8791	-0.8639712	0.3865071
845.2003	0.08736517	-1.227961
845.5214	0.683179	-1.761297
845.8425	1.254909	-1.124363
846.1635	0.6234655	0.008602595
846.4846	0.6592563	-0.1686527
846.8057	0.4212703	0.03957406
847.1267	-0.1411855	0.3352538
847.4477	0.5598113	0.9562437
847.7687	0.2597605	0.4648421
848.0897	-0.1561392	-0.9097661
848.4107	0.4205841	-0.9930977
848.7316	1.15172	0.09381457
849.0526	0.146584	0.3529203
849.3735	-1.183268	-0.1710491
849.6945	-0.7738704	-0.3321888
850.0153	-0.7174951	-0.5720991
850.3362	-0.5099874	-1.198221
850.6571	-0.09380226	-0.3244556
850.978	0.8583809	-0.07843437
851.2988	0.7748563	0.07639693
851.6196	0.003185254	0.04131778
851.9404	-0.3773369	0.2248937
852.2612	-0.4812484	-0.06005248
852.582	-0.08636759	0.2735875
852.9028	-0.03898151	0.3771525
853.2235	1.016588	-0.007076049
853.5443	1.490001	-0.5178561
853.865	1.228997	-0.5586102
854.1857	0.5386736	-0.4469652
854.5064	0.3529173	-0.0637361
854.8271	0.39774	-0.05278834
855.1478	-0.2761111	-0.08331886
855.4684	-0.2774764	0.3883443
855.789	-0.02604725	0.4068115
856.1096	1.358848	0.09542706
856.4302	1.175668	-0.1362176
856.7508	0.1169503	-0.2287174
857.0714	-1.025187	-0.02664842
857.392	-0.7624851	-0.2648868
857.7125	-0.2785262	-0.1342553
858.033	0.2858284	0.1844888
858.3535	0.587035	0.4157294
858.674	-0.153371	-0.2605079
858.9945	-0.1982054	-0.8603407
859.3149	0.09448195	-0.7913159
859.6354	0.01854671	-0.2019419
859.9559	-0.0301405	0.5511069
860.2763	-0.359302	-0.001763319
860.5967	-0.1564089	-0.7511779
860.9171	-0.8141849	-0.9543259
861.2374	0.5870399	-0.4682709
861.5578	0.9750493	-0.1083507
861.8782	1.082157	0.6531933
862.1985	0.2071174	0.7141985
862.5188	1.477636	-0.1457963
862.8391	1.567479	0.2763805
863.1594	1.165508	1.458984
863.4797	0.5163816	1.213807
863.7999	1.069222	-0.2186077
864.1201	-0.133474	-0.4961614
864.4404	-0.7979116	0.003870531
864.7606	-0.9564047	0.877839
865.0807	-0.1189877	0.06978036
865.4009	-0.2052494	0.5273899
865.7211	-0.6172975	-0.7026353
866.0413	-0.4847338	-0.1889726
866.3614	0.2215233	-0.6756282
866.6815	1.018856	0.5162453
867.0016	0.7816541	0.9584417
867.3217	-0.02417444	0.7340664
867.6418	-0.4702732	0.4524016
867.9618	-0.2836365	-0.420321
868.2819	0.2791969	0.1384215
868.6019	0.1014667	-0.228263
868.9219	0.6828548	-0.1605114
869.2419	1.26326	-0.2970722
869.5619	1.575835	-0.3186431
869.8818	0.8271833	-0.1146997
870.2018	0.347502	-0.04241814
870.5217	0.5725065	0.4952304
870.8417	-0.1090263	0.4483714
871.1616	0.1149294	0.5124685
871.4814	0.7199858	-0.2487143
871.8013	0.7291009	-0.6820996
872.1212	-0.6881412	-0.440482
872.441	-0.4138328	0.1602065
872.7609	-0.1797619	0.1068569
873.0806	-0.3378424	0.1436037
873.4005	-0.2439257	0.1259799
873.7202	0.8735027	-0.4886583
874.04	0.4257235	-1.520669
874.3597	0.04415527	-0.4854111
874.6795	-0.5495255	0.5741913
874.9992	-0.2820618	0.660099
875.3189	-0.3449566	-0.9332648
875.6386	0.1814329	-0.4530344
875.9583	0.1118519	-0.3260119
876.278	0.51527	-0.6566562
876.5976	0.2050715	-0.9558877
876.9172	-0.14186	0.01298365
877.2368	-0.3561946	0.1952138
877.5564	0.7745023	-0.9521975
877.876	0.9940277	-1.240119
878.1956	0.188313	-0.6800369
878.5151	-0.2864149	-0.6025801
878.8347	0.5143257	-0.8585304
879.1542	1.039367	-0.3547571
879.4737	0.3045435	0.2378412
879.7932	-0.4905088	-0.38297
880.1127	-0.9197049	-0.7780254
880.4321	-0.7701088	0.5657786
880.7516	0.1820376	0.6732002
881.071	0.5417222	-0.08611239
881.3904	0.35873	-0.5422952
881.7098	0.05338396	-0.2051197
882.0292	0.01169661	-0.09237954
882.3486	-0.2271255	-0.06588389
882.6679	-0.2171932	0.00692327
882.9872	-0.08913415	-0.4265947
883.3066	-0.2279675	0.3927135
883.6259	-0.2345328	0.6847494
883.9452	-0.04738807	0.5053543
884.2645	-0.08456298	0.3683029
884.5837	-0.1286883	-0.5640996
884.903	-0.1267585	-0.7395955
885.2222	0.26739	-0.1232615
885.5414	0.6070602	0.8446688
885.8606	0.8057833	0.5251428
886.1797	0.1208015	0.2057206
886.499	0.4278166	-0.5648121
886.8181	0.745276	-0.636956
887.1372	0.9081679	-0.2473247
887.4564	-0.09235233	0.02792651
887.7755	-0.2385383	0.2527281
888.0945	-0.1186837	0.6985143
888.4136	0.1834531	0.6414156
888.7327	0.004156447	0.1150347
889.0518	0.6713055	0.7079573
889.3707	0.9191979	0.6664836
889.6898	1.085826	-0.263585
890.0088	1.026395	-1.168062
890.3278	1.241909	0.09919202
890.6467	0.7355928	0.8121865
890.9656	-0.05942333	0.5641216
891.2846	-0.6324409	-0.5065091
891.6035	-0.2686187	-0.3757445
891.9224	0.09838484	0.266914
892.2413	0.1699402	0.2401636
892.5602	-0.4740911	-0.2455195
892.879	-0.2541214	-0.09720975
893.1979	0.5358971	0.7141603
893.5167	1.594795	-0.4385996
893.8355	1.234946	-0.9384826
894.1543	0.3964836	-0.6279491
894.4731	0.03411184	-0.01823671
894.7919	-0.298066	-1.015706
895.1106	-0.6805391	-1.19973
895.4294	-0.1613873	-0.9922208
895.748	0.02826818	-0.8953159
896.0668	-0.004829855	-0.01699429
896.3854	-0.2300288	0.6345944
896.7042	-0.02364745	1.282887
897.0228	-0.1135756	0.5401438
897.3414	0.9159484	0.2149768
897.66	0.6227168	-1.087115
897.9786	0.09235714	-1.125092
898.2972	0.06376728	-0.6726376
898.6158	0.7986794	-0.5783788
898.9344	0.05333242	-1.189248
899.2529	-1.292677	-1.173714
899.5715	-0.2398979	-0.6557924
899.89	0.7584009	-0.05770094
900.2085	0.4176313	0.7706683
900.527	-0.6008394	1.135884
900.8455	0.03516412	0.2646221
901.1639	0.8276797	-0.6364056
901.4824	1.267069	-0.1725512
901.8008	0.9065133	-0.1009626
902.1192	0.005170834	-0.1049243
902.4376	-0.6439124	-0.2429188
902.7559	-0.01800131	-0.2188056
903.0743	0.2749294	-0.6202266
903.3926	0.2889898	-0.1634084
903.711	-0.3612982	0.1311795
904.0293	0.3578719	-0.377451
904.3476	0.6713932	0.06749041
904.6659	0.9055475	0.5201036
904.9841	0.5793366	0.8393436
905.3024	0.2822136	-0.4116612
905.6206	0.3883753	-0.7547647
905.9388	-0.03727612	-0.6700361
906.257	0.4175117	0.6610813
906.5752	0.5817668	-0.2508965
906.8934	1.638534	-0.8121938
907.2115	0.3749399	-0.4178508
907.5297	-1.354592	0.4062119
907.8478	-1.581072	-0.1894727
908.166	0.2430726	-0.142793
908.484	1.19055	-0.4070255
908.8021	0.7228443	-0.1330378
909.1202	-0.2353563	-0.2097494
909.4382	0.1004373	0.4123761
909.7562	-0.02396809	-0.275441
910.0743	0.08986308	-0.583873
910.3923	-0.4668812	-0.5765772
910.7102	-0.2105884	-0.1003033
911.0282	-0.0967905	0.2386863
911.3461	-0.1234186	0.2797494
911.6641	0.04320633	1.39335
911.982	0.06040049	0.559444
912.2999	0.09235618	-0.5371245
912.6178	-0.5044048	-0.4208835
912.9357	-0.01574034	0.9053946
913.2535	0.2660092	0.689781
913.5714	0.181385	0.2174163
913.8892	-0.3223692	0.6782809
914.207	0.007892263	0.5141105
914.5248	0.3211342	-0.3481896
914.8426	0.7273458	-0.9419923
915.1603	1.318679	-0.02563729
915.4781	1.102951	0.1878579
915.7958	0.9299696	-0.777767
916.1135	1.199269	-1.964899
916.4312	0.5148526	-1.590214
916.7489	-0.2961725	-0.1118349
917.0666	-0.4805393	1.056366
917.3843	0.8724146	1.41561
917.7019	-0.2143219	0.9711054
918.0195	-0.887201	0.5741231
918.3371	-0.7258282	-0.272068
918.6547	1.016119	-0.5929034
918.9723	1.403349	0.5096315
919.2899	0.4140488	0.8436145
919.6074	-0.7153229	0.4332187
919.9249	-0.5704668	-0.1008625
920.2424	0.7037668	1.294186
920.5599	0.5293453	0.762297
920.8774	0.3633713	0.4494357
921.1948	0.7734497	-1.055916
921.5123	0.9334322	-0.6476946
921.8297	-0.1714998	-0.5663734
922.1472	0.8237621	0.4450562
922.4645	1.192479	0.2197098
922.7819	1.287717	0.4749913
923.0993	0.4548008	0.5368308
923.4166	0.6629061	0.5316588
923.7339	-0.1776133	0.2604783
924.0513	-0.3817609	-0.3819166
924.3686	0.2136078	-0.5509862
924.6859	0.878426	-0.6071278
925.0032	1.364109	-0.03177535
925.3204	0.8576567	0.1336435
925.6376	0.8982499	0.5504755
925.9549	0.1001317	-0.4793302
926.2721	0.4600402	-1.543736
926.5893	0.9609232	-1.785458
926.9064	1.713043	-0.4710394
927.2236	1.244107	1.041817
927.5408	0.5393667	1.435275
927.8578	0.4084094	1.405659
928.175	0.8578675	0.6058849
928.4921	0.5521687	-0.895144
928.8091	-0.5876086	-1.869145
929.1262	-1.312935	-0.9906831
929.4433	-0.9413389	0.1678497
929.7603	-0.5830839	-0.1145452
930.0773	0.6014113	0.126145
930.3943	0.489332	0.851387
930.7113	-0.1390501	0.9864366
931.0283	-0.7772996	0.08511639
931.3452	-0.07235389	0.6156416
931.6622	0.6379661	1.43654
931.9791	-0.2183644	1.308367
932.296	-0.8019757	0.3460035
932.6129	-1.368343	-0.4818014
932.9297	-0.6756561	-0.09458216
933.2466	0.04371201	0.2515927
933.5635	0.5923585	0.1328057
933.8803	0.5911967	-0.7336891
934.1971	-0.6654371	-0.2915268
934.5139	-0.7378155	0.6073457
934.8307	0.06310766	0.6704625
935.1474	1.630333	0.3696967
935.4642	0.5537912	-0.02196462
935.7809	-0.03875604	-1.085178
936.0976	0.2819262	-1.440978
936.4143	0.9701025	-0.7788978
936.731	0.6868728	0.4122082
937.0477	1.160431	0.7486134
937.3643	1.25541	1.173737
937.6809	1.793492	1.075495
937.9976	2.124102	-0.05426648
938.3141	1.840922	-0.03495193
938.6307	-0.4513616	-0.1500011
938.9473	-0.2492715	-0.1709739
939.2639	0.2671781	-0.6222942
939.5804	0.8915703	0.9048055
939.8969	0.1545521	1.305416
940.2134	0.885834	0.5395284
940.5299	1.149812	-0.03964634
940.8464	0.7103333	-0.8162011
941.1628	-0.6203089	-0.01929527
941.4792	-0.8643784	0.1956702
941.7957	-0.5779476	0.2899762
942.1121	0.03760063	-0.7999161
942.4285	0.9885832	-0.3295003
942.7449	1.75616	0.4962145
943.0612	0.01118433	0.2773697
943.3776	-0.5352739	0.2438399
943.6939	0.09934895	-0.06693681
944.0102	0.5822491	0.05564147
944.3265	-0.1041888	-0.4678797
944.6428	-0.2469085	-0.4974277
944.959	-0.1620229	0.04015033
945.2753	-0.1837013	0.1119477
945.5916	0.9000232	1.061202
945.9077	0.3878957	1.045654
946.2239	-0.3348305	1.123693
946.5401	-0.3944185	0.4300472
946.8563	0.8516241	0.5118186
947.1724	1.890851	-0.3260073
947.4886	1.082657	-1.230022
947.8047	0.494615	-0.8227156
948.1208	0.8545446	-0.7476725
948.4369	0.4606973	0.001527423
948.7529	-0.2082009	-0.03649714
949.069	0.07809332	0.4215313
949.385	1.126259	0.3957866
949.701	0.003084872	-0.4927892
950.017	-0.2744244	-1.264625
950.333	-0.555573	-1.163912
950.649	-0.007842723	-0.4227873
950.965	0.1651231	-0.4875627
951.2809	0.2167872	0.0762064
951.5968	-0.01782583	-0.5757169
951.9127	0.8308825	-1.048518
952.2286	0.6583833	-0.6747618
952.5445	0.5088353	0.3643682
952.8604	0.04684284	0.6726534
953.1762	-0.03255345	0.5476832
953.492	-1.12846	0.666178
953.8078	-0.002165044	0.248588
954.1236	1.0448	-0.1050283
954.4394	1.600397	-0.8631936
954.7551	-0.04086587	-0.5083287
955.0709	-0.249352	0.1643712
955.3866	0.05702876	-0.04162642
955.7023	0.5789697	-0.7576131
956.018	0.06548858	-0.811713
956.3337	0.4440558	-0.1422303
956.6494	0.6316705	0.4072709
956.965	0.4844169	0.3150143
957.2806	-0.0932013	-0.3258871
957.5963	0.5259393	-0.9869011
957.9119	0.687653	-0.7269865
958.2274	0.3734605	0.03641271
958.543	0.1545706	0.6522017
958.8585	0.6896259	0.8549072
959.1741	1.54948	0.8356293
959.4896	1.334706	0.8559979
959.8051	0.6094125	-0.2524372
960.1205	-0.1094091	-0.2061478
960.436	0.08364934	-0.9048034
960.7515	-0.08187815	-0.2385147
961.067	-0.0004277433	-0.6924458
961.3823	0.6795625	-0.2207757
961.6978	1.338464	-0.09589457
962.0131	0.3518173	0.2701447
962.3285	-0.1219736	-0.0695583
962.6439	-0.4791663	-0.8945246
962.9592	-0.35613	-0.4036371
963.2745	-1.296517	-0.214071
963.5898	-0.9227938	0.4970215
963.9051	-0.1091262	1.23209
964.2203	0.1572828	1.011185
964.5356	0.2154612	0.781883
964.8508	0.4761959	0.07675415
965.1661	0.435234	0.597779
965.4813	0.109656	-0.3944723
965.7964	0.2571425	0.2550749
966.1116	0.5085182	-0.8783981
966.4268	-0.04274605	-0.3967121
966.7419	0.3569534	-0.7261868
967.0571	-0.1571533	-0.1798132
967.3722	-1.226865	-0.3725424
967.6873	-1.448723	0.3141495
968.0023	-1.029768	0.5904321
968.3174	-0.2672585	0.6300896
968.6324	-0.6213911	-0.1582139
968.9474	-0.1963223	-0.3530949
969.2625	-0.08984402	-0.7456003
969.5775	-0.05979445	-0.1718878
969.8924	-0.4797418	0.2632168
970.2074	-0.4512242	0.5711147
970.5223	0.1459462	-0.864953
970.8372	0.7922021	-1.581752
971.1522	0.8423003	-0.9154736
971.467	0.1512802	-0.4731473
971.7819	-0.5897827	-1.066704
972.0968	-0.8186567	-0.6708732
972.4116	-0.7786976	-0.5282632
972.7264	-0.9202861	-0.4775829
973.0413	-0.2778375	-0.7478185
973.3561	-0.07354326	-0.5435138
973.6708	-0.06739607	-0.07289883
973.9856	-0.1943673	0.08577644
974.3004	0.3673336	0.5023237
974.6151	0.4737906	0.2122473
974.9298	0.2261298	-0.03795137
975.2444	-0.337457	0.5326695
975.5591	0.03124273	1.031945
975.8738	0.5810879	0.6837044
976.1885	0.7254947	-0.9699827
976.5031	0.6260118	-0.633869
976.8177	0.2331836	0.2622625
977.1323	0.2443552	0.9655863
977.4469	0.2662472	0.2423182
977.7614	0.4857808	-0.7890626
978.076	0.5341231	-0.8578977
978.3905	1.228195	0.4271278
978.705	1.314018	0.5454556
979.0195	0.4712259	0.3864757
979.334	0.8248689	-0.4444519
979.6484	1.275752	0.2068369
979.9629	0.7991713	1.047091
980.2773	-0.1571755	0.9871541
980.5917	0.5540835	-0.153255
980.9061	0.5617744	-0.9352856
981.2205	0.1982738	0.2730961
981.5349	-0.1855236	0.01277418
981.8492	0.8732567	0.7508616
982.1636	1.362641	0.4532183
982.4779	0.6115988	-0.2407935
982.7922	-0.0292819	-1.026954
983.1064	-0.02982526	-0.04362809
983.4207	0.3718767	0.907838
983.735	0.04790098	-0.1571179
984.0492	-0.06155501	-0.6132458
984.3634	-0.1843005	-0.9785252
984.6776	0.4448799	-0.8049111
984.9918	0.5073345	-1.160477
985.306	0.778366	-0.5821222
985.6201	0.2792067	-0.1268079
985.9343	0.374467	0.1284534
986.2484	-0.1529111	0.8090738
986.5624	0.6186648	1.008177
986.8765	-0.04351578	0.8023561
987.1906	-0.2835218	1.208429
987.5046	-0.5877402	1.860678
987.8187	-0.2361422	1.132016
988.1327	0.1321176	-0.3000905
988.4467	0.5845371	-0.6744835
988.7607	1.385237	-0.7748586
989.0746	0.5290054	-0.3847629
989.3885	-0.8882325	0.4794874
989.7025	0.07850447	0.26315
990.0164	1.190359	-0.1857455
990.3303	0.8038883	-0.4337678
990.6442	-0.3090339	-0.3873736
990.9581	-0.1480496	-0.6987419
991.2719	-0.2356628	0.2590369
991.5858	0.0500524	0.289618
991.8995	0.3341227	-0.2498326
992.2134	0.05441018	-0.9386977
992.5272	0.01168727	-0.4375191
992.8409	0.8933753	-0.3600675
993.1547	0.7943134	-0.2250263
993.4684	0.7424271	-0.3123163
993.7821	-0.4586608	-0.3751832
994.0958	0.5135385	-0.8835179
994.4095	1.083594	-0.5400735
994.7231	1.824893	-0.1268272
995.0367	0.7290837	-0.1859551
995.3504	-0.3065954	-0.7158908
995.664	-0.7261792	-0.6473346
995.9776	0.3157113	-0.7269537
996.2912	0.9644707	-0.8705899
996.6047	0.8807309	-0.5198878
996.9183	0.8831292	0.05960904
997.2318	0.6569059	0.5588441
997.5453	-0.669962	0.8527439
997.8588	-0.140803	-0.09446537
998.1723	0.4522199	-0.2842858
998.4858	1.003697	0.1250266
998.7992	0.07452551	-0.2077789
999.1127	0.2873804	-0.1331656
999.4261	-0.5079743	-0.09113917
999.7394	-0.2457941	0.03425214
1000.053	-0.2747125	-0.2107903
1000.366	0.3428003	1.441808
1000.68	0.0892849	1.193272
1000.993	0.6182381	-0.7970502
1001.306	0.2861443	-1.275239
1001.619	-0.01869193	-0.4007634
1001.933	-0.4297255	-0.3294251
1002.246	0.4053389	-0.8154513
1002.559	0.7747729	-1.070589
1002.872	0.9565235	-0.8447686
1003.186	1.104812	-0.1232959
1003.499	0.761089	0.8101361
1003.812	0.1915693	0.8538501
1004.125	-0.887507	0.4534052
1004.438	-0.6280093	-0.2311845
1004.751	-0.7411858	-0.2681938
1005.065	0.1715324	-0.06238355
1005.378	-0.05263231	0.2766765
1005.691	0.352663	-0.0438803
1006.004	-0.3159036	-0.1869463
1006.317	0.09589871	-0.3873597
1006.63	0.218388	-0.6780998
1006.943	-0.2722536	-0.537887
1007.256	-0.5642893	-0.4170275
1007.569	0.08445671	0.4886033
1007.882	0.4943464	0.5042904
1008.195	-0.3185593	0.4633068
1008.508	-1.114101	-0.06073194
1008.821	-0.2207724	-0.4919761
1009.133	0.5072404	-0.2158828
1009.446	1.005114	0.6107458
1009.759	0.145383	1.483575
1010.072	-0.05569184	0.5752464
1010.385	-0.3824361	-0.02102656
1010.698	-0.898754	-0.8069888
1011.01	-0.7287219	-0.2438404
1011.323	0.4953181	-1.025387
1011.636	0.3601392	-1.728636
1011.949	-0.6820292	-1.751135
1012.261	-1.138589	0.02944502
1012.574	-0.8324866	-0.09023524
1012.887	-0.795235	-0.7753574
1013.199	-0.5330857	-1.811096
1013.512	-0.06451176	-1.24989
1013.825	-0.8626174	-0.2705186
1014.137	-0.3230285	0.647277
1014.45	-0.1477738	0.2214569
1014.763	0.2430736	-0.03280526
1015.075	-0.2721004	-0.3722205
1015.388	0.691093	-0.7298609
1015.7	0.5076152	-0.638303
1016.013	1.262311	0.1153184
1016.325	0.9848105	0.4549985
1016.638	0.03713863	0.6361606
1016.95	-1.575205	0.5636448
1017.263	-1.215036	0.2822633
1017.575	-0.5025833	0.2960767
1017.887	0.229682	0.4908025
1018.2	0.5383028	0.409942
1018.512	0.529568	-0.1484161
1018.825	-0.1606093	0.3520373
1019.137	0.03040386	0.6368033
1019.449	1.380942	0.1825532
1019.762	1.440789	-0.5439276
1020.074	0.366646	0.2087592
1020.386	-0.3994485	0.05850609
1020.698	0.06817772	0.1029473
1021.011	-0.5058563	0.2401292
1021.323	0.5892864	0.1638972
1021.635	2.268341	-0.9863147
1021.947	2.151924	-0.2182308
1022.259	-0.8065346	0.4358568
1022.572	-2.117822	0.2347267
1022.884	-0.8348063	0.03243596
1023.196	0.06571243	0.5607919
1023.508	0.4446186	0.7924486
1023.82	1.154549	0.1732343
1024.132	1.944859	-0.2795439
1024.444	1.133869	-0.245531
1024.756	1.084769	-0.5067088
1025.068	1.491409	-0.3538463
1025.38	1.175572	-0.1736281
1025.692	0.1963803	0.4097957
